00100111101111011111111111100000
10101111101111100000000000011100
00000000000111011111000000100001
00100100000000100000000000010111
10101111110000100000000000001100
00000011111000001111100000001010
00100100000000100000000000011101
10101111110000100000000000010000
10001111110000110000000000001100
10001111110000100000000000010000
00000000000000000000000000000000
00000000010000110001000000101010
00010000010000000000000000000110
00000000000000000000000000000000
10001111110000100000000000001100
00000000000000000000000000000000
10101111110000100000000000001000
00000100000000010000000000000100
00000000000000000000000000000000
10001111110000100000000000010000
00000000000000000000000000000000
10101111110000100000000000001000
10001111110000100000000000001000
00000000000111101110100000100001
10001111101111100000000000011100
00100111101111010000000000100000
00000000000000000000000000000000
